12 0.11626 0.18817 0.0536585 0.0142857 0.30095
12 0.256504 0.188281 0.0658537 0.0149554 0.385658
12 0.156911 0.189174 0.0455285 0.0131696 0.397262
12 0.0784553 0.188728 0.0382114 0.0149554 0.423911
6 0.543902 0.218638 0.463415 0.00691964 0.429141
7 0.40122 0.0107143 0.431707 0.0102679 0.467852
12 0.205285 0.188839 0.0495935 0.0151786 0.555448
1 0.918699 0.304353 0.112195 0.00602679 0.588901
0 0.559756 0.053125 0.421951 0.0120536 0.59509
8 0.265854 0.331473 0.520325 0.0174107 0.695009
6 0.547561 0.215513 0.317886 0.00870536 0.696953
1 0.847561 0.0719866 0.0902439 0.00602679 0.754078
19 0.555285 0.181362 0.372358 0.0506696 0.801781
10 0.42439 0.399442 0.83252 0.0457589 0.813704
14 0.181301 0.111161 0.284553 0.138393 0.855726
11 0.48252 0.522879 0.965041 0.173884 0.88824
